100
100
-7.466283e+02 6.937538e+02 5.615241e+02 -7.219469e+00 -4.370202e+00 5.597001e+00 9.483337e+29
-1.947247e+02 -3.739142e+00 3.656729e+02 3.600779e+00 4.537603e+00 -9.013095e-02 1.427659e+27
-8.704399e+01 7.233444e+02 -1.959565e+02 9.747486e+00 -4.744979e+00 -4.563648e-01 5.639960e+29
3.660458e+02 8.541948e+01 -5.855483e+02 -4.280125e+00 4.870328e+00 4.313376e+00 9.999907e+29
-6.148920e+02 -1.026131e+02 -1.085099e+01 -6.641995e+00 -2.765426e+00 2.757695e+00 8.003595e+29
-5.364814e+02 2.122595e+02 6.403981e+02 1.009979e+00 -9.238871e+00 -5.646550e+00 9.736529e+29
-3.895958e+02 -7.647725e+02 -3.382390e+02 -5.048791e+00 -5.901201e+00 6.662572e+00 5.510295e+29
8.015669e+02 -7.590187e+02 6.175962e+02 -3.542071e+00 -8.446692e+00 -2.423058e+00 4.711162e+29
5.572310e+02 -2.829511e+02 4.722518e+02 8.904960e+00 3.302009e+00 3.796239e+00 2.576225e+28
-8.585662e+02 -1.902840e+02 4.874899e+02 -6.546799e+00 9.000973e+00 -2.920278e+00 9.710230e+29
8.039435e+02 -9.018262e+02 1.092264e+02 -3.012160e+00 8.236569e+00 -2.509652e+00 2.468359e+29
-6.563338e+02 1.414638e+02 -7.486770e+02 -3.101162e+00 5.465507e+00 -8.682534e+00 7.231081e+29
-5.136567e+02 -7.257034e+02 6.597395e+02 5.817496e+00 -6.978759e+00 2.236217e+00 8.290201e+28
5.192903e+01 3.303626e+02 9.911346e+02 -2.534272e+00 4.151841e+00 8.677045e+00 8.393754e+29
8.076799e+02 9.314190e+02 8.921064e+02 9.756738e-03 1.070039e+00 4.652576e+00 3.747218e+29
6.828826e+02 8.207898e+02 -8.351322e+02 2.763061e+00 -5.685211e+00 -2.388256e+00 3.820336e+29
-2.258175e+02 -8.790273e+02 5.444770e+02 -6.104992e-01 2.720205e+00 2.729837e+00 9.292958e+29
-7.565144e+02 9.511512e+02 -4.523251e+02 3.147693e+00 -2.343958e+00 7.347667e+00 2.320428e+28
-8.492470e+02 9.167002e+02 -4.286800e+02 -2.949851e+00 -9.120350e+00 2.509952e+00 5.365121e+29
7.297742e+02 -7.755961e+02 3.193973e+02 -6.332016e-01 6.688797e+00 -1.275870e+00 9.841140e+29
7.808773e+02 2.231014e+02 7.781319e+01 -4.264939e-01 5.375018e+00 -8.879848e+00 3.146477e+29
-1.997073e+02 -2.501135e+02 -5.209868e+02 9.117433e-01 -1.243750e+00 -8.922063e+00 3.557075e+29
8.497894e+02 -1.875094e+02 -8.455449e+02 -3.452348e+00 6.908772e+00 6.210957e+00 8.598139e+29
8.832045e+02 -6.126556e+02 -9.456128e+02 -7.143586e+00 3.485514e+00 -1.440440e+00 1.698500e+29
5.666433e+02 6.915640e+02 -9.433317e+00 4.709572e+00 -4.615041e+00 3.088634e+00 3.328720e+29
6.682986e+02 3.658284e+02 1.494306e+02 3.267940e+00 6.784386e+00 3.568591e+00 1.268612e+28
-7.466336e+02 1.809555e+02 -6.976507e+02 -1.346633e+00 -2.702767e+00 -5.123991e-01 5.178432e+29
4.392463e+02 -7.743872e+02 -6.757640e+02 1.762090e+00 9.971235e-01 -6.526780e+00 7.890623e+29
5.081454e+02 -3.144424e+02 -7.104199e+02 6.994453e+00 2.828726e+00 -2.869418e+00 3.082442e+29
-1.906586e+02 1.314544e+01 -6.723094e+02 -2.751252e+00 -2.281780e-01 8.757398e+00 8.705314e+29
-3.946498e+02 4.045587e+02 3.172103e+02 -3.426509e-01 -3.811357e+00 7.506681e-01 9.674280e+29
2.362374e+02 -1.145958e+02 -7.926999e+02 -5.139959e+00 6.792227e+00 6.307492e+00 7.370125e+28
-5.839766e+02 1.703456e+02 -8.273530e+02 4.641823e+00 -1.509017e+00 3.844977e+00 7.793844e+29
7.677849e+02 9.366038e+02 -9.515206e+02 1.613580e+00 3.670779e+00 7.825402e+00 8.161440e+29
9.381976e+02 2.570898e+02 4.445112e+02 -9.787910e-02 8.136142e-02 -3.885799e+00 3.423721e+27
-2.920756e+02 -6.555912e+02 2.785192e+02 2.233769e+00 -8.920061e+00 7.583432e+00 3.056204e+29
-8.725437e+02 6.702408e+02 -1.885729e+02 3.433730e+00 -4.321142e+00 9.739430e+00 8.753000e+29
1.934852e+02 6.226212e+02 4.056172e+01 2.828674e+00 1.273572e+00 2.499682e+00 4.397662e+29
1.321037e+02 9.761805e+02 2.906783e+02 1.176433e+00 9.438630e+00 5.843933e+00 1.417545e+29
5.779481e+02 -5.325472e+02 -5.551418e+02 -8.198051e-01 7.895542e+00 6.953959e+00 3.601557e+29
2.864424e+02 7.716927e+02 -3.571888e+02 2.899951e+00 -8.242091e+00 -1.682678e+00 8.227402e+29
-2.299942e+02 8.429287e+02 5.327677e+01 2.742957e+00 2.323906e-01 -3.791827e+00 9.384153e+29
9.247494e+01 6.826962e+02 7.970992e+01 -4.159067e+00 5.614824e+00 8.215429e+00 5.649790e+29
8.202226e+02 6.534762e+02 7.482666e+02 -1.790934e+00 4.684024e+00 -9.859672e+00 6.895428e+29
-3.164578e+02 -2.032775e+02 -4.094779e+01 9.441535e+00 1.345197e+00 9.107856e+00 3.133078e+28
-5.232984e+02 2.495881e+02 -9.581351e+02 4.982695e+00 -4.865293e+00 -7.716550e-01 3.116997e+29
7.524304e+02 9.031499e+02 -2.556796e+01 2.033337e+00 7.721141e+00 -6.810576e+00 4.208642e+29
-3.392235e+02 -3.272264e+02 6.734754e+02 -8.215575e+00 -5.124036e+00 -9.084160e+00 9.562172e+29
-8.046450e+02 -6.572443e+02 -3.832830e+02 4.462257e+00 -1.035347e-01 -1.417847e+00 7.595373e+29
-3.803788e+02 -8.916031e+02 5.338183e+02 -3.383743e+00 -7.797751e-01 7.668795e+00 6.997878e+29
6.638326e+02 7.372595e+02 -1.825059e+02 3.228222e+00 -2.561085e+00 4.419575e+00 4.444899e+29
3.731925e+02 -3.136008e+02 -3.729746e+02 3.721005e+00 -7.984656e+00 -4.799148e+00 1.703457e+29
4.390621e+02 6.431545e+02 3.000322e+02 3.381502e+00 -6.941402e+00 7.614453e+00 4.073698e+29
-6.764595e+02 6.320539e+02 -3.382428e+02 -7.945742e+00 6.157243e+00 -2.770226e+00 4.690983e+29
9.085081e+02 7.658948e+02 8.788894e+01 -6.416740e+00 -4.692104e+00 -1.091989e+00 9.247959e+29
-2.719173e+02 -2.093153e+02 8.775513e+02 -4.139808e-01 -8.346278e+00 3.315580e+00 5.558482e+29
-2.487732e+02 -7.250809e+01 -6.041403e+02 -9.940992e+00 9.336515e+00 5.804631e+00 8.658269e+29
3.173774e+02 2.926038e+02 -7.179923e+02 -8.744306e+00 4.403421e+00 1.625174e+00 4.434854e+29
-2.172305e+02 8.642676e+02 9.118333e+02 2.852486e+00 7.751197e+00 -6.205838e+00 1.471106e+29
8.224936e+02 -5.876816e+02 -6.204524e+02 9.178234e+00 -2.873609e+00 1.051479e-01 9.372296e+29
3.160024e+02 -5.685666e+02 8.181805e+02 -2.175552e+00 -9.339031e+00 5.364079e+00 1.441359e+29
-4.988144e+02 -6.919134e+02 3.878428e+02 -2.577562e+00 -5.746783e+00 7.628457e+00 4.648501e+29
-7.932646e+02 -5.648258e+01 4.859690e+02 9.979651e+00 -9.329024e+00 3.824079e+00 7.922399e+29
-6.361551e+02 6.588917e+02 3.595288e+01 6.457888e+00 3.600525e-01 -4.200550e+00 6.683469e+29
-9.039027e+02 -1.737329e+02 1.144992e+02 6.233958e+00 -2.509148e+00 9.368671e+00 5.469416e+29
2.154306e+02 7.434698e+02 -5.150597e+02 -9.480941e+00 -2.281355e+00 -8.067266e+00 3.765401e+29
-4.659309e+02 7.472995e+02 2.707846e+02 -2.480023e-01 8.974986e+00 9.533067e-01 4.054551e+29
3.973990e+02 -4.106501e+02 8.142292e+02 -5.070729e+00 -6.824891e+00 -5.782376e+00 6.281206e+29
-6.159263e+02 5.308239e+02 3.900262e+02 -5.850549e+00 -8.720104e+00 -2.139259e-01 1.615826e+29
-5.670084e+02 9.679053e+02 -4.717761e+02 -2.648399e+00 -8.843793e+00 -1.390297e+00 8.400827e+29
-6.505143e+02 -5.659476e+02 -1.293216e+02 5.881582e+00 1.457941e+00 1.078240e+00 2.498008e+29
8.762567e+02 -1.568016e+00 -7.574536e+02 9.971741e-01 -8.665006e-01 -8.151718e+00 2.648852e+29
-3.827360e+02 7.451106e+02 9.768164e+02 7.429909e+00 -6.012324e+00 -2.103066e+00 8.719605e+29
-7.872002e+02 -4.358727e+02 -8.098938e+01 7.147903e+00 5.267768e+00 3.291242e+00 1.973604e+29
4.617045e+01 4.848148e+02 -8.274144e+02 -1.677981e+00 -3.148499e+00 -1.517793e+00 6.431563e+29
-8.959837e+02 -9.815182e+02 1.283036e+02 -6.156841e+00 -4.634610e+00 -4.764453e+00 6.586465e+28
2.607818e+02 6.204239e+02 -4.868056e+02 -9.569463e+00 9.088822e+00 8.943757e+00 1.092835e+28
1.791108e+01 5.067085e+02 4.444113e+02 -7.707472e+00 2.109143e+00 1.026001e+00 2.105447e+28
-5.649672e+02 -5.331501e+02 8.912168e+02 -3.524873e-01 1.992305e+00 -9.222947e+00 6.003266e+29
2.928664e+02 -9.907630e+02 6.753286e+02 -3.210206e+00 6.576470e+00 -1.781372e+00 7.188453e+29
8.572040e+02 9.034666e+02 -5.743369e+01 8.367936e+00 1.073616e+00 -2.623055e+00 6.765537e+29
2.225472e+02 4.999830e+02 -8.997637e+02 -6.595853e-02 5.047184e+00 2.026402e+00 6.750276e+29
-5.900714e+02 -5.192597e+02 5.481375e+02 1.335292e+00 -4.372218e+00 1.320182e+00 1.320420e+29
4.004132e+02 9.352367e+01 6.039153e+01 7.827154e-01 -7.624230e-01 1.161240e-01 9.598531e+29
9.489703e+01 6.673154e+02 5.712203e+02 3.504455e+00 2.966171e+00 -6.381691e+00 9.810657e+29
-1.866751e+02 5.814952e+02 -1.036472e+02 3.911047e+00 -9.004848e+00 -2.469620e+00 7.300804e+29
4.631193e+02 4.958406e+02 8.719153e+02 -5.999202e+00 -2.636437e+00 -6.714341e+00 8.494909e+29
9.076037e+02 -6.840609e+02 8.291364e+00 -6.248351e+00 -7.871003e+00 -1.285425e+00 2.900034e+29
-9.719211e+02 4.515950e+02 9.154892e+02 2.653635e-01 3.468719e+00 -1.229971e+00 6.969810e+29
9.168611e+02 9.177522e+02 -3.892611e+02 -2.141197e+00 6.166726e+00 9.322033e+00 8.996416e+29
3.652622e+02 -5.409489e+00 1.006602e+02 -3.631336e+00 -8.326305e+00 3.802962e+00 7.687716e+29
7.495794e+02 -8.617922e+02 -6.346622e+02 6.022361e+00 9.440650e+00 -3.038038e+00 4.873857e+29
8.726810e+01 -3.275009e+02 -9.340411e+02 -8.022053e+00 -5.403452e+00 -2.471666e+00 5.212713e+29
-6.868723e+01 1.057354e+02 -4.844882e+02 -9.681184e+00 -4.547460e+00 7.791297e+00 4.563304e+29
6.505487e+02 -6.592708e+02 -5.440408e+02 2.884545e+00 4.815144e+00 -1.136995e+00 1.572799e+29
8.107965e+02 3.711185e+02 8.867659e+02 -2.161125e+00 4.339962e+00 -3.333940e+00 4.696356e+29
-6.949614e+02 4.229613e+02 -3.920315e+02 9.179620e+00 -4.414834e+00 -1.883997e+00 8.593469e+29
-9.728662e+02 6.239716e+02 7.243489e+02 1.568485e+00 -3.513268e+00 5.629437e+00 7.302659e+29
3.068963e+01 -2.895785e+01 6.222069e+01 -1.642766e+00 2.261008e+00 6.699660e+00 6.253169e+29
1.518579e+02 -7.165110e+02 -9.665330e+02 6.708300e+00 -7.845313e+00 2.236233e+00 3.491288e+29
